Sample	Filter	total_reads	t_miRNA	t_hairpin	t_smallRNA	t_mRNA	t_unaligned	t_miRNA_mismatch	miRNA_detected	uniq_reads	u_miRNA	u_hairpin	u_smallRNA	u_mRNA	u_unaligned	u_miRNA_mismatch
SRR1561057	no	2759082	1664737	8092	167705	32592	885956	189200	528	132845	12459	530	9313	25275	85268	9625
SRR1561058	no	2437044	1666983	7466	142673	21706	598216	205260	530	107447	12718	465	7904	17014	69346	9915
SRR1561059	no	2237847	1386830	7524	110782	35469	697242	151391	529	120491	11129	464	7700	28692	72506	8347
SRR1561060	no	2770248	1868917	10049	122426	19899	748957	197144	546	98708	12754	510	7012	15698	62734	9768
SRR1561061	no	2522721	1510121	6472	151321	38956	815851	183425	535	129577	12176	488	8745	29849	78319	9431
SRR1561062	no	2856390	1672976	10438	181179	33600	958197	180775	527	131508	12457	583	9239	28068	81161	9530
SRR1561063	no	3377058	1633926	8211	256107	132273	1346541	187530	516	237391	12442	554	16583	65837	141975	9576
SRR1561064	no	3370069	1470761	5819	242257	149195	1502037	181835	516	224089	12233	475	16428	52903	142050	9452
SRR1561065	no	2735196	1746199	10424	131236	41502	805835	181739	538	137642	12319	603	8674	34404	81642	9371
SRR1561066	no	1744773	1132228	4851	88489	22122	497083	122989	505	84942	9884	340	6263	17797	50658	7379
SRR1561067	no	3591019	1725679	8904	265084	112205	1479147	186174	533	206654	12555	557	16433	49038	128071	9682
SRR1561068	no	2744626	1403106	5971	174829	67949	1092771	172311	530	154394	12237	472	11994	32563	97128	9376
SRR1561069	no	2763126	1843673	9291	122929	28676	758557	211985	539	122170	12753	486	7614	23352	77965	9836
SRR1561070	no	2204346	1307224	6653	145935	27965	716569	148184	517	103863	11212	447	8362	19688	64154	8570
SRR1561071	no	2155685	1364913	5418	126876	32510	625968	163235	517	118896	11488	449	7690	25523	73746	8814
SRR1561072	no	2821219	1756142	10002	153649	41323	860103	201170	536	142001	12550	504	9164	31082	88701	9630
SRR1561073	no	1799058	1073470	4473	136536	28543	556036	117905	499	98626	10044	359	7348	22558	58317	7617
SRR1561074	no	3203796	1608665	6842	224003	123161	1241125	192479	519	203108	12517	544	15494	47950	126603	9664
SRR1561075	no	1961382	1285677	5832	89329	20741	559803	136718	519	93101	10416	407	6295	17079	58904	7813
SRR1561076	no	2679910	1564424	7922	193325	65278	848961	180573	518	162913	12241	497	10996	43849	95330	9443
SRR1561077	no	2670990	1297167	5553	164851	83388	1120031	164790	523	187119	11944	442	12366	47940	114427	9185
SRR1561078	no	2094276	1405520	7007	95675	13633	572441	143286	517	79775	11056	412	6111	11389	50807	8372
SRR1561079	no	3215449	1480968	6375	240247	108595	1379264	166038	521	183441	12140	443	15211	39938	115709	9350
SRR1561080	no	2822104	1248100	4934	231095	142057	1195918	145795	499	208626	11098	456	16704	59085	121283	8442
SRR1561081	no	1179519	669884	2704	59064	15672	432195	65750	475	60380	7072	249	4646	13570	34843	4854
SRR1561082	no	2204453	1388250	5002	168571	28754	613876	142614	506	106319	10687	394	8158	21840	65240	8103
SRR1561083	no	1883429	1116743	4963	100752	10578	650393	119546	498	73078	10433	375	6136	8592	47542	7897
SRR1561084	no	2271689	1410394	7484	134056	18929	700826	154723	516	93501	11528	488	7686	14398	59401	8846
SRR1561085	no	2612831	1626752	9276	195838	27779	753186	165593	529	112439	11685	527	8609	21573	70045	8845
SRR1561086	no	1004111	588816	2152	49162	10596	353385	57528	464	49317	6518	226	3974	9366	29233	4455
SRR1561087	no	2130955	1115598	3921	102448	31925	877063	117244	507	110636	10018	370	7346	26154	66748	7513
SRR1561088	no	1684566	848871	2704	84860	58005	690126	76992	505	120170	7567	297	8661	31778	71867	5251
SRR1561089	no	2719506	1290629	5745	213444	93659	1116029	131762	506	171550	10584	431	12779	42412	105344	7929
SRR1561090	no	1584729	935342	5788	109100	18960	515539	102028	491	82608	9748	390	6842	15721	49907	7281
SRR1561091	no	1186167	527112	1760	70440	39619	547236	50696	466	78797	6104	227	6997	16325	49144	4088
SRR1561092	no	4456085	1314621	4751	233969	59362	2843382	129167	519	138262	10605	382	11470	27408	88397	7916
SRR1561093	no	3035796	1816793	9268	184824	26550	998361	201744	521	118972	12958	515	9292	20064	76143	10084
SRR1561094	no	1045602	628363	2300	56852	13818	344269	64441	466	53590	6647	230	4580	10872	31261	4520
SRR1561095	no	2407805	1516892	7668	188617	31395	663233	151175	515	108612	11498	464	9009	22690	64951	8682
SRR1561096	no	2446249	1485969	7033	153059	27976	772212	162123	515	104342	11746	460	8710	19618	63808	9039
SRR1561097	no	1214868	774250	3215	58927	15174	363302	77720	480	61428	7382	280	4719	12791	36256	5135
SRR1561098	no	2835311	1457914	5803	229252	84897	1057445	146568	510	155776	10974	447	13457	33224	97674	8269
SRR1561099	no	1832036	1107413	6455	112886	16848	588434	123821	517	84454	10175	412	6614	13708	53545	7664
SRR1561100	no	881773	525808	2039	48555	10821	294550	51078	481	43187	6246	201	4008	8513	24219	4191
SRR1561101	no	3024344	1575928	6246	231198	100385	1110587	152908	519	180961	11342	484	14079	46527	108529	8530
SRR1561102	no	2328853	1315866	5872	142958	29225	834932	139400	517	112991	11126	439	7997	23906	69523	8464
SRR1561103	no	1090047	509393	1772	60740	28290	489852	48953	453	64240	6000	221	5800	12448	39771	4017
SRR1561104	no	2998537	1258134	6343	277256	132540	1324264	127038	516	197413	10566	456	16009	54948	115434	7868
SRR1561057	yes	2647631	1659214	7737	161749	8959	809972	184278	469	32566	7848	227	4230	2585	17676	5513
SRR1561058	yes	2350805	1660443	7175	137939	6329	538919	199288	474	30193	7873	226	3877	2167	16050	5533
SRR1561059	yes	2142015	1382662	7243	106595	8391	637124	147795	475	29818	7490	227	3929	2577	15595	5185
SRR1561060	yes	2695175	1863314	9731	118755	5874	697501	192288	480	29452	8007	234	3666	2141	15404	5624
SRR1561061	yes	2414674	1504109	6150	145877	10645	747893	177968	470	31169	7719	220	4152	2781	16297	5424
SRR1561062	yes	2747482	1667371	10042	175132	6926	888011	175896	471	31606	7829	240	4184	2203	17150	5485
SRR1561063	yes	3149599	1628472	7833	240398	63091	1209805	182731	466	37691	7826	229	5246	3853	20537	5497
SRR1561064	yes	3131112	1464737	5522	223400	92493	1344960	176431	466	34886	7718	223	4855	2895	19195	5423
SRR1561065	yes	2622022	1740793	9991	126154	8578	736506	177053	474	31875	7793	238	4203	2621	17020	5429
SRR1561066	yes	1682910	1129035	4683	85397	6055	457740	120175	462	25894	6998	185	3486	2196	13029	4824
SRR1561067	yes	3384370	1719705	8516	247789	62229	1346131	180901	472	36860	7832	225	5011	3108	20684	5489
SRR1561068	yes	2603679	1397121	5640	165150	35767	1000001	166981	467	33844	7703	208	4569	2649	18715	5365
SRR1561069	yes	2665165	1837943	8994	118713	6860	692655	206953	474	30959	7939	230	3855	2301	16634	5593
SRR1561070	yes	2125051	1302869	6388	141015	10167	664612	144275	463	30319	7450	214	4100	2717	15838	5197
SRR1561071	yes	2056828	1359817	5157	122514	8569	560771	158599	464	29395	7519	221	3911	2511	15233	5245
SRR1561072	yes	2701207	1750636	9696	147846	11644	781385	196359	466	32082	7906	240	4208	2939	16789	5547
SRR1561073	yes	1723767	1069999	4292	132567	7658	509251	114760	459	27676	6996	190	3869	2300	14321	4867
SRR1561074	yes	2999440	1602388	6433	208517	73571	1108531	186829	473	36176	7813	224	5000	3423	19716	5468
SRR1561075	yes	1890696	1282079	5607	86337	5276	511397	133558	470	27283	7227	201	3523	2059	14273	4999
SRR1561076	yes	2539281	1559102	7622	185547	21592	765418	175841	474	33368	7789	229	4618	3293	17439	5477
SRR1561077	yes	2499872	1291430	5274	155034	36019	1012115	159630	475	34793	7602	217	4745	3321	18908	5322
SRR1561078	yes	2036190	1401069	6773	92706	3613	532029	139338	468	26587	7377	206	3377	1644	13983	5109
SRR1561079	yes	3031985	1475788	6108	224264	67003	1258822	161480	469	34374	7739	206	4785	2838	18806	5436
SRR1561080	yes	2610964	1243261	4644	213065	80449	1069545	141443	461	34807	7346	214	5044	3689	18514	5095
SRR1561081	yes	1138206	668353	2604	57181	3563	406505	64443	449	21011	5638	151	2889	1675	10658	3618
SRR1561082	yes	2122233	1384375	4800	164033	8680	560345	139190	463	29712	7291	210	4115	2515	15581	5082
SRR1561083	yes	1832143	1112517	4758	97559	3199	614110	115690	462	27068	7120	195	3339	1372	15042	4904
SRR1561084	yes	2201038	1405028	7183	129609	6332	652886	149825	468	29962	7472	218	3811	2167	16294	5206
SRR1561085	yes	2524227	1622053	8929	190740	7860	694645	161487	469	31165	7683	229	4173	2403	16677	5336
SRR1561086	yes	971959	587449	2069	47676	2279	332486	56341	435	18629	5225	144	2576	1178	9506	3336
SRR1561087	yes	2040460	1111533	3734	98408	7423	819362	113596	463	29054	6880	199	3751	2379	15845	4732
SRR1561088	yes	1583145	846677	2563	79249	27804	626852	75123	458	28106	5729	169	3987	3078	15143	3689
SRR1561089	yes	2558702	1286922	5490	202824	51009	1012457	128516	463	34151	7295	214	4843	3038	18761	5035
SRR1561090	yes	1524585	931674	5560	105277	4811	477263	98722	453	26499	6778	198	3555	1865	14103	4632
SRR1561091	yes	1122681	525951	1678	65858	24261	504933	49699	433	22631	5006	148	3285	1775	12417	3142
SRR1561092	yes	4327419	1310680	4521	225211	32985	2754022	125747	468	33910	7192	194	4661	2820	19043	4942
SRR1561093	yes	2935568	1809886	8913	178626	8262	929881	195467	471	32898	7955	228	4199	2426	18090	5600
SRR1561094	yes	1010481	626976	2227	54974	4630	321674	63255	434	20324	5355	160	2822	1908	10079	3414
SRR1561095	yes	2324230	1512378	7386	183213	10456	610797	147244	470	30889	7627	220	4298	2672	16072	5296
SRR1561096	yes	2363350	1480300	6732	147614	10216	718488	156973	464	31331	7591	214	4079	2697	16750	5320
SRR1561097	yes	1173222	772499	3098	56993	3937	336695	76222	450	21628	5752	168	2910	1757	11041	3740
SRR1561098	yes	2691884	1453704	5537	217933	51664	963046	142887	463	34758	7396	212	4958	3258	18934	5133
SRR1561099	yes	1770114	1103384	6210	109375	4667	546478	120188	455	28088	7009	201	3534	1821	15523	4845
SRR1561100	yes	855743	524597	1966	47090	3916	278174	50030	449	18405	5087	129	2613	1754	8822	3188
SRR1561101	yes	2855679	1571074	5940	219273	53357	1006035	148673	473	35809	7501	219	5074	3547	19468	5178
SRR1561102	yes	2235613	1310303	5597	138089	6941	774683	134361	462	29553	7236	210	3884	2267	15956	5011
SRR1561103	yes	1042551	508264	1687	57635	16838	458127	47977	433	21853	4944	138	3127	1608	12036	3108
SRR1561104	yes	2804383	1254323	6081	261971	74823	1207185	123744	465	35480	7243	222	5212	3787	19016	4977
